1.000000000 0.000000000 0.000000000 0.000000000 0.000000000 1.000000000 0.000000000 0.000000000 0.000000000 0.000000000 1.000000000 0.000000000
1.000000000 -0.000032986 -0.000089659 0.000058245 0.000032990 1.000000000 0.000045617 -0.000063026 0.000089657 -0.000045620 1.000000000 -0.000032078
1.000000000 0.000122402 -0.000018441 -0.000014174 -0.000122402 1.000000000 -0.000021183 0.000062444 0.000018439 0.000021185 1.000000000 0.000011611
1.000000000 0.000017587 -0.000021095 0.000041106 -0.000017589 1.000000000 -0.000096590 0.000016452 0.000021093 0.000096591 1.000000000 0.000026561
1.000000000 0.000027237 0.000016681 -0.000064282 -0.000027237 1.000000000 -0.000034812 -0.000039279 -0.000016682 0.000034812 1.000000000 -0.000205494
1.000000000 0.000089677 0.000009170 -0.000032429 -0.000089677 1.000000000 0.000027337 -0.000015528 -0.000009168 -0.000027338 1.000000000 0.000017123
1.000000000 -0.000143441 -0.000053821 0.000062732 0.000143448 1.000000000 0.000128854 -0.000061087 0.000053803 -0.000128861 1.000000000 0.000020519
1.000000000 0.000066239 0.000048284 -0.000011086 -0.000066234 1.000000000 -0.000113772 -0.000004982 -0.000048291 0.000113769 1.000000000 0.000003338
1.000000000 0.000130978 0.000065037 -0.000108950 -0.000130979 1.000000000 0.000009021 -0.000018996 -0.000065036 -0.000009030 1.000000000 0.000019619
1.000000000 0.000085708 0.000035402 0.000040923 -0.000085710 1.000000000 0.000037144 -0.000057389 -0.000035399 -0.000037147 1.000000000 -0.000103802
0.999999940 -0.000293236 -0.000053207 0.000057513 0.000293234 0.999999940 -0.000050005 0.000040248 0.000053222 0.000049989 1.000000000 0.000066830
1.000000000 0.000005039 -0.000085548 0.000004326 -0.000005035 1.000000000 0.000041589 0.000057514 0.000085548 -0.000041588 1.000000000 0.000185723
1.000000000 0.000163132 0.000019798 -0.000047989 -0.000163132 1.000000000 0.000017376 -0.000037625 -0.000019795 -0.000017379 1.000000000 0.000015221
1.000000000 0.000182615 0.000049447 -0.000058733 -0.000182615 1.000000000 -0.000005468 -0.000014331 -0.000049448 0.000005459 1.000000000 -0.000017090
1.000000000 -0.000068506 0.000061086 -0.000052950 0.000068503 1.000000000 0.000060534 -0.000118926 -0.000061090 -0.000060530 1.000000000 -0.000091364
1.000000000 -0.000081047 -0.000046438 -0.000002904 0.000081044 1.000000000 -0.000058298 -0.000100540 0.000046443 0.000058295 1.000000000 -0.000232279
1.000000000 -0.000034520 -0.000031795 0.000027204 0.000034519 1.000000000 -0.000042766 -0.000012188 0.000031796 0.000042765 1.000000000 0.000051751
1.000000000 0.000069481 -0.000017742 0.000008962 -0.000069479 1.000000000 0.000146035 -0.000092833 0.000017752 -0.000146034 1.000000000 0.000030011
1.000000000 0.000116303 0.000001521 0.000010357 -0.000116303 1.000000000 0.000009392 -0.000009441 -0.000001520 -0.000009392 1.000000000 -0.000038810
1.000000000 0.000135978 -0.000011571 -0.000034452 -0.000135977 1.000000000 0.000075783 0.000012337 0.000011581 -0.000075781 1.000000000 -0.000064987
1.000000000 0.000025240 -0.000058499 0.000020669 -0.000025240 1.000000000 -0.000008822 -0.000014161 0.000058498 0.000008823 1.000000000 0.000034061
1.000000000 0.000096209 0.000065796 -0.000040281 -0.000096214 1.000000000 0.000079032 -0.000084869 -0.000065788 -0.000079038 1.000000000 -0.000026551
1.000000000 -0.000122661 0.000008646 -0.000001882 0.000122660 1.000000000 0.000108285 -0.000081037 -0.000008659 -0.000108284 1.000000000 0.000025076
1.000000000 -0.000217777 -0.000019713 0.000012224 0.000217776 1.000000000 -0.000049499 -0.000004468 0.000019724 0.000049495 1.000000000 0.000078202
1.000000000 0.000183796 0.000028585 -0.000052127 -0.000183797 1.000000000 0.000041222 -0.000021803 -0.000028578 -0.000041227 1.000000000 0.000141470
1.000000000 -0.000113943 -0.000074779 0.000087793 0.000113936 1.000000000 -0.000088093 -0.000009896 0.000074789 0.000088084 1.000000000 0.000032669
1.000000000 0.000020852 -0.000012449 0.000000101 -0.000020853 1.000000000 -0.000053613 -0.000039759 0.000012448 0.000053614 1.000000000 -0.000004466
1.000000000 0.000073887 -0.000053986 0.000013225 -0.000073882 1.000000000 0.000088660 -0.000079487 0.000053992 -0.000088656 1.000000000 0.000000443
0.999999940 0.000261994 0.000031112 -0.000051041 -0.000261999 0.999999940 0.000147027 -0.000095862 -0.000031074 -0.000147035 1.000000000 0.000049232
1.000000000 -0.000063378 -0.000096016 0.000140592 0.000063381 1.000000000 0.000025876 -0.000076198 0.000096014 -0.000025882 1.000000000 -0.000131503
1.000000000 -0.000028989 -0.000023927 -0.000005978 0.000028988 1.000000000 -0.000017326 0.000005571 0.000023927 0.000017326 1.000000000 0.000035859
1.000000000 -0.000000707 -0.000028527 -0.000005882 0.000000706 1.000000000 -0.000027372 0.000069527 0.000028527 0.000027372 1.000000000 -0.000062433
0.999999940 -0.000261464 -0.000148492 0.000083930 0.000261446 0.999999940 -0.000122378 0.000056087 0.000148524 0.000122339 1.000000000 0.000105564
1.000000000 -0.000140742 -0.000015108 0.000014639 0.000140742 1.000000000 -0.000001407 -0.000082604 0.000015108 0.000001405 1.000000000 0.000080051
1.000000000 0.000086251 -0.000071033 0.000049063 -0.000086248 1.000000000 0.000048328 -0.000053196 0.000071037 -0.000048322 1.000000000 -0.000058601
0.999999940 -0.000306177 -0.000073408 0.000076701 0.000306175 0.999999940 -0.000026698 0.000072302 0.000073416 0.000026676 1.000000000 0.000078769
1.000000000 0.000062181 -0.000036445 0.000024819 -0.000062178 1.000000000 0.000085804 0.000001871 0.000036450 -0.000085802 1.000000000 0.000065227
1.000000000 -0.000123727 0.000007068 0.000006604 0.000123727 1.000000000 0.000000603 -0.000071951 -0.000007069 -0.000000602 1.000000000 0.000035102
1.000000000 -0.000125892 -0.000067259 0.000083632 0.000125893 1.000000000 0.000005535 -0.000033286 0.000067258 -0.000005543 1.000000000 0.000043997
1.000000000 -0.000042743 -0.000110503 0.000074789 0.000042743 1.000000000 -0.000000608 -0.000014520 0.000110503 0.000000603 1.000000000 0.000103959
1.000000000 -0.000161458 -0.000154975 0.000105543 0.000161450 1.000000000 -0.000051837 -0.000055352 0.000154983 0.000051812 1.000000000 0.000002083
1.000000000 0.000142056 -0.000032659 0.000019128 -0.000142057 1.000000000 -0.000028362 -0.000028403 0.000032655 0.000028367 1.000000000 0.000062299
1.000000000 0.000186840 0.000039208 -0.000098702 -0.000186843 1.000000000 0.000076546 -0.000096914 -0.000039193 -0.000076553 1.000000000 -0.000174397
1.000000000 -0.000179089 -0.000094401 0.000095342 0.000179085 1.000000000 -0.000038332 0.000020743 0.000094408 0.000038315 1.000000000 0.000097709
1.000000000 0.000019698 -0.000108467 0.000079188 -0.000019692 1.000000000 0.000059765 -0.000030519 0.000108468 -0.000059762 1.000000000 0.000005579
1.000000000 0.000071090 0.000040273 -0.000028957 -0.000071094 1.000000000 0.000109320 -0.000123880 -0.000040265 -0.000109323 1.000000000 -0.000008667
0.999999881 -0.000309779 0.000302050 0.000441227 0.000309978 0.999999762 -0.000659624 -0.001346988 -0.000301846 0.000659718 0.999999762 0.000998825
0.999999940 -0.000323782 0.000241808 0.000297061 0.000324709 0.999992549 -0.003845094 -0.001958332 -0.000240562 0.003845172 0.999992549 0.005218249
0.999997437 0.000514083 0.002215753 0.002831729 -0.000506576 0.999994159 -0.003387358 -0.002095080 -0.002217481 0.003386227 0.999991834 0.012858788
0.999949038 0.000000567 0.010094257 0.004261394 0.000035417 0.999993622 -0.003564659 -0.001858865 -0.010094196 0.003564835 0.999942720 0.022364156
0.999930859 -0.000747209 0.011736384 0.003726939 0.000817086 0.999981940 -0.005950190 -0.002335235 -0.011731726 0.005959368 0.999913394 0.036348563
0.999936879 -0.002305443 0.010993987 0.003342238 0.002319412 0.999996543 -0.001258036 0.001619733 -0.010991049 0.001283456 0.999938786 0.051223032
0.999927223 -0.002092412 0.011879928 0.003776674 0.002024911 0.999981761 0.005691085 0.001678199 -0.011891619 -0.005666615 0.999913216 0.066475525
0.999920011 -0.001615972 0.012544123 0.004449632 0.001567492 0.999991298 0.003873573 -0.000453629 -0.012550274 -0.003853600 0.999913812 0.079971917
0.999909401 -0.002820816 0.013161581 0.003988609 0.002817115 0.999996006 0.000299757 0.000600258 -0.013162374 -0.000262652 0.999913335 0.092059836
0.999892235 -0.002560791 0.014456570 0.004479746 0.002549123 0.999996424 0.000825487 0.000840239 -0.014458632 -0.000788547 0.999895155 0.103813231
0.999898493 -0.000270623 0.014246441 0.003875490 0.000247926 0.999998689 0.001594921 0.002890570 -0.014246855 -0.001591227 0.999897242 0.124541529
0.999887884 -0.000760832 0.014953743 0.003455417 0.000719528 0.999995887 0.002767329 0.004156996 -0.014955787 -0.002756260 0.999884367 0.137196764
0.999890745 -0.000541604 0.014773498 0.003408621 0.000479742 0.999991119 0.004190616 0.005214073 -0.014775637 -0.004183071 0.999882102 0.151488900
0.999891698 -0.002583832 0.014488496 0.004161061 0.002493090 0.999977171 0.006277632 0.005853934 -0.014504385 -0.006240831 0.999875307 0.163988933
0.999879777 -0.001806922 0.015399838 0.004444773 0.001689194 0.999969304 0.007654336 0.002649236 -0.015413196 -0.007627403 0.999852121 0.167927414
0.999876559 -0.002814421 0.015456273 0.005660373 0.002697587 0.999967694 0.007574647 0.003367460 -0.015477091 -0.007532017 0.999851882 0.180030152
0.999854147 -0.003104594 0.016792530 0.004768712 0.002951178 0.999953747 0.009153044 0.005866709 -0.016820170 -0.009102151 0.999817073 0.198280990
0.999833703 -0.002536444 0.018060289 0.005747055 0.002352540 0.999945223 0.010196774 0.006485903 -0.018085165 -0.010152590 0.999784887 0.210597992
0.999834836 -0.002958241 0.017932808 0.005636727 0.002789296 0.999951541 0.009438679 0.006710144 -0.017959861 -0.009387100 0.999794662 0.223164633
0.999820411 -0.005140301 0.018240618 0.006478756 0.004912269 0.999909520 0.012524204 0.008384887 -0.018303346 -0.012432353 0.999755204 0.234462410
0.999798179 -0.008270362 0.018308867 0.006880221 0.007911300 0.999776661 0.019597668 0.013574352 -0.018466856 -0.019448865 0.999640286 0.248572022
0.999793828 -0.009650618 0.017864950 0.007084781 0.009101038 0.999490499 0.030592808 0.017572848 -0.018151088 -0.030423913 0.999372244 0.264262497
0.999736130 -0.011967776 0.019606920 0.008443876 0.011231634 0.999243438 0.037234403 0.020392731 -0.020037699 -0.037004359 0.999114215 0.277332813
0.999686658 -0.011908788 0.022017939 0.010772238 0.010994988 0.999091744 0.041167773 0.021174468 -0.022488199 -0.040912788 0.998909593 0.290890306
0.999601364 -0.010487553 0.026213910 0.010113006 0.009238094 0.998836160 0.047338825 0.028529219 -0.026679870 -0.047077786 0.998534858 0.304112703
0.999594092 -0.008813275 0.027091473 0.009871841 0.007016654 0.997814059 0.065710858 0.037969757 -0.027611380 -0.065494098 0.997470856 0.318547249
0.999675155 -0.006849410 0.024548739 0.007644404 0.004631318 0.995994151 0.089298241 0.044630580 -0.025062039 -0.089155540 0.995702386 0.334263176
0.999765098 -0.005448173 0.020976944 0.006180996 0.003416835 0.995406091 0.095681816 0.044004213 -0.021401869 -0.095587663 0.995190918 0.349938720
0.999791682 -0.009541888 0.018043626 0.007070995 0.008057824 0.996713638 0.080603763 0.035680912 -0.018753441 -0.080441579 0.996582866 0.361309379
0.999711931 -0.013380209 0.019925987 0.008179624 0.012144452 0.998070180 0.060897086 0.032753352 -0.020702349 -0.060637552 0.997945130 0.369828016
0.999670684 -0.016373772 0.019757934 0.008396895 0.015192584 0.998170614 0.058520138 0.034607742 -0.020679984 -0.058200695 0.998090684 0.380620152
0.999629855 -0.018014647 0.020388303 0.009893119 0.016707366 0.997900844 0.062567696 0.035322253 -0.021472642 -0.062203899 0.997832477 0.394769698
0.999629974 -0.016330667 0.021754332 0.011782508 0.015004367 0.998097956 0.059794500 0.032921564 -0.022689437 -0.059445962 0.997973621 0.408704132
0.999639571 -0.011978732 0.024024587 0.010770249 0.010719402 0.998595834 0.051879104 0.030426329 -0.024612298 -0.051602878 0.998364329 0.420255899
0.999657512 -0.010791331 0.023841716 0.011158503 0.009652969 0.998831391 0.047356360 0.030459467 -0.024324892 -0.047109999 0.998593509 0.431199044
0.999664903 -0.009418378 0.024111412 0.010843842 0.008304277 0.998911679 0.045896679 0.028760713 -0.024517443 -0.045681074 0.998655140 0.445045799
0.999678373 -0.015008212 0.020441687 0.008386496 0.014154907 0.999047875 0.041267019 0.025723927 -0.021041568 -0.040964395 0.998939037 0.461823255
0.999586403 -0.022189341 0.018294612 0.011148889 0.021712700 0.999429941 0.025853178 0.018636236 -0.018857846 -0.025445258 0.999498308 0.475071609
0.999224186 -0.033736132 0.020319782 0.012666616 0.033638731 0.999420941 0.005116337 0.014622111 -0.020480622 -0.004428836 0.999780416 0.484603733
0.999024689 -0.037526101 0.023269352 0.015810570 0.037621621 0.999285281 -0.003680662 0.011947024 -0.023114599 0.004552503 0.999722481 0.496048808
0.999049187 -0.034640260 0.026471114 0.016770486 0.034892172 0.999349535 -0.009114419 0.012640567 -0.026138170 0.010029388 0.999608040 0.511077225
0.999234796 -0.025399311 0.029743221 0.017052907 0.025983009 0.999474049 -0.019405324 0.005038258 -0.029234694 0.020163294 0.999369204 0.526866019
0.999331772 -0.013280058 0.034053303 0.014150904 0.015150892 0.998355806 -0.055282276 -0.006218917 -0.033263162 0.055761274 0.997889876 0.530302644
0.999330103 -0.007102603 0.035900589 0.013894014 0.010073468 0.996476829 -0.083261602 -0.009593427 -0.035182729 0.083567470 0.995880842 0.538290679
0.999304056 -0.004859879 0.036984000 0.014248107 0.008125694 0.996027708 -0.088672541 -0.009205970 -0.036406152 0.088911347 0.995373964 0.549832284
0.999312103 -0.005305635 0.036703251 0.014160583 0.008556060 0.995996833 -0.088977925 -0.009344714 -0.036084238 0.089230753 0.995357096 0.565346599
0.999342144 -0.007234953 0.035537407 0.014843271 0.010278007 0.996224165 -0.086208083 -0.010331241 -0.034779511 0.086516626 0.995643139 0.580008030
0.999300838 -0.011004227 0.035731494 0.015144279 0.014011884 0.996278524 -0.085045770 -0.010502900 -0.034662656 0.085486971 0.995736122 0.595743716
0.999288201 -0.011957172 0.035779007 0.015715130 0.014917309 0.996383905 -0.083645619 -0.010850915 -0.034649458 0.084119812 0.995853066 0.610991240
0.999264717 -0.012918425 0.036099467 0.016171750 0.015935594 0.996289015 -0.084582761 -0.014201552 -0.034872826 0.085095830 0.995762289 0.624465525
0.999245465 -0.014272672 0.036122195 0.017366529 0.017428653 0.995912969 -0.088620417 -0.017686386 -0.034709714 0.089183114 0.995410264 0.641251326
0.999210358 -0.013041740 0.037531003 0.014555943 0.016485795 0.995532274 -0.092971258 -0.022078177 -0.036150817 0.093516566 0.994961202 0.648597002
0.999217987 -0.012914158 0.037372246 0.016650531 0.016531648 0.995032668 -0.098166719 -0.022654699 -0.035918865 0.098707773 0.994468033 0.668025970
0.999182522 -0.016467942 0.036919318 0.018692235 0.020142073 0.994635224 -0.101464853 -0.024877597 -0.035050336 0.102125540 0.994153857 0.684893906
0.999176085 -0.018161204 0.036295261 0.016885562 0.021805581 0.994475543 -0.102678418 -0.026763165 -0.034229986 0.103385262 0.994052231 0.695983827
0.999159813 -0.020781636 0.035324618 0.021459587 0.024373770 0.994225442 -0.104506694 -0.026234886 -0.032948814 0.105279885 0.993896663 0.716506839
0.999091208 -0.022527821 0.036183309 0.021933286 0.026213925 0.994141221 -0.104862377 -0.026971273 -0.033608995 0.105715588 0.993828297 0.730290473
0.999034405 -0.025308777 0.035912581 0.021981036 0.028982898 0.993967116 -0.105779700 -0.027768610 -0.033018768 0.106718414 0.993740857 0.745872855
0.998987556 -0.026229389 0.036550429 0.023082061 0.029937409 0.994031727 -0.104903057 -0.029703746 -0.033580743 0.105891071 0.993810534 0.759457052
0.999012649 -0.025510121 0.036372915 0.023267511 0.029140774 0.994248152 -0.103060491 -0.029549260 -0.033534620 0.104018673 0.994009852 0.775048971
0.999040663 -0.025524328 0.035584480 0.022978699 0.028982133 0.994533896 -0.100311130 -0.030240130 -0.032829598 0.101246208 0.994319558 0.790146410
0.999027193 -0.028051276 0.034027241 0.023809653 0.031268682 0.994691491 -0.098036081 -0.030717410 -0.031096570 0.099004693 0.994600952 0.807956159
0.998840094 -0.033929057 0.034164846 0.024939913 0.037076626 0.994675279 -0.096158199 -0.031157129 -0.030720370 0.097313389 0.994779527 0.816680670
0.998723626 -0.035438780 0.035989810 0.028043879 0.038738243 0.994670391 -0.095551759 -0.030446643 -0.032411762 0.096823983 0.994773626 0.831479728
0.998286486 -0.036484275 0.045748897 0.034983847 0.040567156 0.994955480 -0.091748953 -0.029704060 -0.042170722 0.093447648 0.994730711 0.845601439
0.997230470 -0.038442206 0.063668065 0.043410193 0.043553781 0.995766401 -0.080946378 -0.024278644 -0.060286764 0.083495185 0.994682908 0.862997890
0.995964110 -0.038288236 0.081175648 0.053114593 0.043301526 0.997202635 -0.060925171 -0.017816965 -0.078615852 0.064194314 0.994835973 0.878754139
0.993748307 -0.044414293 0.102429122 0.064023443 0.048610155 0.998062491 -0.038836781 -0.011769798 -0.100505754 0.043573078 0.993981898 0.898906648
0.990349174 -0.053361714 0.127910241 0.073576085 0.056559145 0.998167872 -0.021494411 -0.009167937 -0.126528904 0.028521465 0.991552830 0.914138615
0.986780822 -0.056814544 0.151775256 0.082859285 0.059479494 0.998143911 -0.013072846 -0.010050803 -0.150750816 0.021927549 0.988328576 0.932969153
0.983192027 -0.057439558 0.173303604 0.092847057 0.060794916 0.998050511 -0.014111054 -0.010306967 -0.172155231 0.024409853 0.984767377 0.949069381
0.979403853 -0.056078382 0.193967283 0.103671096 0.059960432 0.998099804 -0.014196503 -0.010969409 -0.192802593 0.025534471 0.980905294 0.962744057
0.974900305 -0.056813009 0.215271100 0.114083394 0.061146785 0.998037219 -0.013520270 -0.012089439 -0.214080438 0.026344052 0.976460755 0.981820405
0.970585287 -0.056065205 0.234138727 0.127826855 0.059726421 0.998178005 -0.008569840 -0.007683278 -0.233231649 0.022302028 0.972165406 1.003817677
0.965847909 -0.055635672 0.253066182 0.136934161 0.058534056 0.998277664 -0.003932363 -0.007040768 -0.252411544 0.018611055 0.967440963 1.022436023
0.960845113 -0.053586293 0.271855086 0.147522613 0.056726281 0.998382926 -0.003698769 -0.008841828 -0.271217257 0.018975269 0.962331116 1.039355755
0.955806971 -0.054025270 0.288988382 0.156809628 0.058755159 0.998242617 -0.007710572 -0.011637074 -0.288063943 0.024349373 0.957301557 1.055680275
0.951045156 -0.057442311 0.303666770 0.161656678 0.066651344 0.997575045 -0.020039804 -0.018170236 -0.301779240 0.039298557 0.952567518 1.070029616
0.948245287 -0.055910151 0.312577873 0.168720424 0.067446977 0.997378528 -0.026210088 -0.016432017 -0.310293049 0.045936022 0.949530482 1.085503221
0.946500063 -0.057066943 0.317617625 0.174117982 0.068257973 0.997373939 -0.024208672 -0.015120586 -0.315402031 0.044593442 0.947909832 1.101944089
0.945296466 -0.056733344 0.321241230 0.179702252 0.066060498 0.997649610 -0.018200528 -0.012897155 -0.319453627 0.038426254 0.946822464 1.117962360
0.943757772 -0.054058127 0.326188505 0.188915133 0.061347451 0.998043180 -0.012093579 -0.007973210 -0.324896455 0.031424239 0.945227385 1.140426636
0.942555785 -0.054734539 0.329534203 0.195891470 0.061303645 0.998073280 -0.009568118 -0.009187665 -0.328375578 0.029220128 0.944095135 1.157624483
0.941522896 -0.052955151 0.332761824 0.202496812 0.060405388 0.998100877 -0.012076124 -0.009723471 -0.331490368 0.031470552 0.942933559 1.174579978
0.940884352 -0.049444228 0.335099846 0.207237661 0.057388470 0.998255968 -0.013840402 -0.010171139 -0.333831102 0.032253083 0.942080975 1.190354109
0.940466583 -0.047145013 0.336600661 0.211852923 0.054663219 0.998421669 -0.012888643 -0.009410153 -0.335461766 0.030521013 0.941559315 1.209055543
0.940002561 -0.045192655 0.338160902 0.205249056 0.051839486 0.998598695 -0.010645599 -0.014056974 -0.337205917 0.027536975 0.941028118 1.214124441
0.939744830 -0.042603303 0.339211822 0.210037485 0.049733579 0.998686135 -0.012350823 -0.015699362 -0.338239968 0.028476840 0.940628946 1.228906035
0.939595819 -0.041716855 0.339734375 0.216426864 0.049137238 0.998703957 -0.013264347 -0.016533580 -0.338740706 0.029156733 0.940427899 1.241415620
0.938456714 -0.037038762 0.343405247 0.221057117 0.044515476 0.998911798 -0.013911809 -0.017572168 -0.342516303 0.028342476 0.939084291 1.257916689
0.937125564 -0.032590795 0.347467393 0.226319119 0.040731072 0.999039650 -0.016147219 -0.016215198 -0.346607447 0.029284690 0.937553048 1.279557705
0.936275065 -0.026005104 0.350303799 0.256391495 0.035917204 0.999116361 -0.021827504 -0.036331464 -0.349426627 0.033018481 0.936381757 1.362961769
0.935811520 -0.020416727 0.351909012 0.260160834 0.033399284 0.998965561 -0.030859763 -0.040258337 -0.350914925 0.040632430 0.935525417 1.378606319
0.935151696 -0.014809253 0.353937894 0.268188417 0.030424520 0.998791635 -0.038594861 -0.042796519 -0.352938682 0.046860438 0.934472263 1.387043953
0.934329629 -0.012621709 0.356186569 0.273358881 0.030239282 0.998576581 -0.043936856 -0.044445593 -0.355124980 0.051822331 0.933381319 1.405835986
0.934361458 -0.011899167 0.356127858 0.265177041 0.030867092 0.998388171 -0.047626249 -0.033506051 -0.354987144 0.055492766 0.933222771 1.418822289
0.934199154 -0.010792913 0.356588632 0.272534758 0.029405896 0.998470545 -0.046817418 -0.032325059 -0.355537951 0.054222599 0.933087707 1.436599851
0.934219480 -0.011046295 0.356527567 0.277546585 0.028842581 0.998586774 -0.044637833 -0.032832056 -0.355530620 0.051984709 0.933217883 1.452709198
0.934162617 -0.010397643 0.356696039 0.282474995 0.027809802 0.998656631 -0.043721274 -0.033026062 -0.355762273 0.050762426 0.933196843 1.467996359
0.933865368 -0.010289730 0.357476681 0.289961100 0.027156031 0.998740315 -0.042193841 -0.031641319 -0.356592208 0.049111016 0.932968438 1.485212564
0.933229923 -0.015183768 0.358958811 0.273299068 0.032582179 0.998566389 -0.042469114 -0.057380348 -0.357799351 0.051329106 0.932386696 1.732342243
0.933254719 -0.013352239 0.358967066 0.279187411 0.030770291 0.998607457 -0.042853177 -0.058782823 -0.357894987 0.051038448 0.932365954 1.749432206
0.932382584 -0.007115675 0.361402899 0.300302714 0.024291532 0.998779535 -0.043004666 -0.016835686 -0.360655814 0.048875831 0.931417465 1.726774693
0.932029486 -0.007691726 0.362300873 0.306770176 0.024268363 0.998855114 -0.041225158 -0.015153063 -0.361568987 0.047215510 0.931149065 1.744430661
0.932828486 -0.008849107 0.360211968 0.308841735 0.023263155 0.999091744 -0.035699714 -0.010634239 -0.359568894 0.041681379 0.932187140 1.506192803
0.932406902 -0.011813566 0.361217052 0.324190319 0.021261670 0.999527574 -0.022193147 -0.012232129 -0.360784233 0.028373120 0.932217598 1.538183808
0.931324661 -0.015415591 0.363863587 0.312046230 0.020005053 0.999760747 -0.008847536 -0.003264717 -0.363640130 0.015519039 0.931410193 1.526772738
0.932052732 -0.017383916 0.361905336 0.372268081 0.018129971 0.999834776 0.001334476 0.006409795 -0.361868709 0.005317531 0.932213902 1.565964222
0.931176662 -0.021323796 0.363944054 0.337398350 0.021158323 0.999766290 0.004442096 -0.003359913 -0.363953710 0.003564070 0.931410193 1.582145452
0.930975735 -0.024302550 0.364271313 0.345101863 0.023495432 0.999701858 0.006647865 -0.002706609 -0.364324272 0.002369709 0.931269169 1.601571083
0.930358350 -0.024444193 0.365835756 0.351275355 0.023052147 0.999700844 0.008173402 -0.003095758 -0.365926117 0.000829106 0.930643559 1.618641973
0.929745555 -0.025598804 0.367311716 0.357457250 0.023304658 0.999671340 0.010680271 0.000276815 -0.367464423 -0.001369861 0.930036545 1.637081861
0.930083513 -0.029220078 0.366184115 0.365276366 0.026827922 0.999572515 0.011620870 -0.001219354 -0.366367131 -0.000984421 0.930469871 1.655868530
0.930149853 -0.029239994 0.366014063 0.373648405 0.028087288 0.999569535 0.008475143 -0.002753033 -0.366104335 0.002397189 0.930570722 1.672498703
0.928908169 -0.031632289 0.368956625 0.378090680 0.032086872 0.999473035 0.004905362 -0.006509432 -0.368917376 0.007282031 0.929433703 1.685516477
0.927973032 -0.037997704 0.370705068 0.386936158 0.040460065 0.999180496 0.001134911 -0.008797491 -0.370444387 0.013945582 0.928749979 1.723316789
0.927246690 -0.035430856 0.372771084 0.396592617 0.038504381 0.999258101 -0.000800733 -0.002755403 -0.372466177 0.015095796 0.927922964 1.725123763
0.927891970 -0.041569885 0.370524526 0.409398496 0.045750093 0.998949826 -0.002496225 -0.004053990 -0.370031625 0.019267760 0.928819299 1.753062248
0.928082705 -0.040978603 0.370112509 0.410897702 0.046873767 0.998876691 -0.006944276 -0.007246019 -0.369412184 0.023793431 0.928960979 1.761520386
0.927857339 -0.041300561 0.370641351 0.420800149 0.048649728 0.998760760 -0.010497015 -0.007305718 -0.369748503 0.027771333 0.928716779 1.780055404
0.927726030 -0.043419506 0.370727926 0.540755332 0.050037984 0.998713255 -0.008248375 0.037364922 -0.369892776 0.026202710 0.928704858 1.853955984
0.926626027 -0.051256564 0.372474104 0.446063340 0.056831229 0.998375833 -0.003994863 0.001621060 -0.371664375 0.024869906 0.928034008 1.831299663
0.925778985 -0.060896885 0.373128474 0.447672725 0.064928003 0.997888386 0.001767001 0.001586657 -0.372448176 0.022590633 0.927778006 1.849785686
0.925673723 -0.066355594 0.372458249 0.458478779 0.071279779 0.997456193 0.000550356 0.000031848 -0.371547312 0.026039291 0.928048790 1.866468668
0.925171733 -0.071122736 0.372825384 0.475642949 0.079384759 0.996820629 -0.006834101 -0.015257843 -0.371153980 0.035919372 0.927876353 1.969618559
0.924307108 -0.070132710 0.375150412 0.472158402 0.081657358 0.996549249 -0.014889445 -0.008484155 -0.372811615 0.044396210 0.926844358 1.906998873
0.923708797 -0.075089790 0.375664264 0.481473714 0.087459505 0.996040285 -0.015957493 -0.003673781 -0.372978479 0.047595486 0.926618457 1.930320740
0.924167216 -0.084686227 0.372482449 0.503683925 0.094707839 0.995467484 -0.008654098 0.005214073 -0.370061278 0.043274838 0.927998900 1.938794971
0.922312379 -0.089911647 0.375840157 0.506154180 0.097246453 0.995260179 -0.000548448 0.008453926 -0.374009430 0.037054960 0.926684380 2.048285007
0.922018647 -0.094400130 0.375460088 0.516518176 0.101494014 0.994835734 0.000887570 0.005652048 -0.373604894 0.037288599 0.926838160 1.996830463
0.921948671 -0.094400711 0.375631720 0.523903906 0.101860292 0.994798720 -0.000000681 0.005669288 -0.373677909 0.038262587 0.926769018 2.017053366
0.921693802 -0.095644638 0.375942320 0.526477635 0.103191271 0.994661510 0.000061928 0.000063717 -0.373941272 0.038736887 0.926643074 2.106767654
0.921655476 -0.100139029 0.374864399 0.535626709 0.106923819 0.994263530 0.002714723 0.001719698 -0.372985840 0.037579894 0.927075684 2.129212379
0.922192514 -0.105500527 0.372062624 0.550806165 0.110619083 0.993833601 0.007627417 0.008993231 -0.370573044 0.034123279 0.928176284 2.080470800
0.922216952 -0.109428823 0.370865464 0.565241575 0.114487514 0.993389010 0.008421014 0.011968326 -0.369335175 0.034693461 0.928648412 2.116595268
0.921736538 -0.112081751 0.371267349 0.574204624 0.117212512 0.993067920 0.008796180 0.013101306 -0.369679570 0.035409421 0.928484321 2.138930559
0.920826316 -0.116332181 0.372217298 0.579863191 0.121389292 0.992555559 0.009907374 0.016014226 -0.370598882 0.036060225 0.928092718 2.153665066
0.921359301 -0.117839828 0.370419830 0.588253498 0.122654244 0.992392600 0.010622402 0.012892991 -0.368853658 0.035646513 0.928803682 2.174198627
0.922827542 -0.115215197 0.367579728 0.596728981 0.122879677 0.992418230 0.002570638 0.006005362 -0.365088999 0.042795818 0.929988503 2.198833704
0.924108744 -0.111410998 0.365527928 0.604793072 0.124369733 0.992163122 -0.012018956 0.005765185 -0.361324281 0.056567430 0.930722773 2.221056938
0.924857199 -0.109377213 0.364246964 0.613442957 0.125830501 0.991815031 -0.021670114 0.004065398 -0.358895391 0.065875135 0.931050241 2.243873358
0.925543964 -0.106253706 0.363426149 0.619181275 0.123879001 0.991970539 -0.025465732 0.000081316 -0.357802212 0.068590522 0.931274891 2.254664660
0.926169455 -0.099672846 0.363696903 0.628943205 0.118489124 0.992510021 -0.029735507 0.000329524 -0.358008981 0.070634246 0.931042612 2.279624701
0.926752448 -0.096644551 0.363028616 0.636603534 0.116667867 0.992602944 -0.033585675 0.001631387 -0.357097417 0.073479377 0.931172490 2.300225019
0.926603675 -0.098530270 0.362901390 0.644520640 0.117472805 0.992609322 -0.030445380 0.008086409 -0.357219517 0.070841849 0.931330025 2.323582649
0.927000403 -0.099959150 0.361494720 0.656364024 0.113040507 0.993474662 -0.015164020 0.004164089 -0.357620060 0.054920603 0.932250857 2.341972589
0.927631199 -0.093808137 0.361525059 0.661553562 0.102322362 0.994741440 -0.004432829 0.017946597 -0.359208107 0.041104123 0.932351828 2.348480940
0.928045809 -0.095937170 0.359898627 0.664322615 0.100504793 0.994918168 0.006047781 0.008590255 -0.358649909 0.030558920 0.932971835 2.428957701
0.928974032 -0.096633188 0.357308328 0.675958991 0.098978899 0.995019972 0.011763306 0.005695246 -0.356665671 0.024438178 0.933912396 2.565669298
0.930142701 -0.093391590 0.355123341 0.683189154 0.094345421 0.995431423 0.014671559 -0.013984036 -0.354871124 0.019857615 0.934704304 2.492761135
0.930531323 -0.091507718 0.354595274 0.690577149 0.091872938 0.995644689 0.015844896 0.010720842 -0.354500800 0.017833538 0.934885621 2.509899616
0.931129694 -0.087420456 0.354055315 0.719028950 0.088403016 0.995994210 0.013431787 0.069805726 -0.353811264 0.018792819 0.935128033 2.533626080
0.931222081 -0.085779205 0.354213744 0.707371473 0.087370805 0.996109128 0.011529289 0.018377732 -0.353824526 0.020211611 0.935093403 2.533536911
0.931360304 -0.084215783 0.354225487 0.719379306 0.086462475 0.996209741 0.009510507 0.025586862 -0.353683800 0.021769501 0.935111701 2.527697802
0.931313992 -0.081242390 0.355040669 0.724543869 0.081985243 0.996549010 0.012978842 0.023147922 -0.354869843 0.017020717 0.934760749 2.560797453
0.931495667 -0.082777560 0.354208648 0.732706904 0.083551027 0.996416867 0.013137852 0.024956595 -0.354027003 0.017356643 0.935074151 2.615659952
0.931846142 -0.079170816 0.354111195 0.743144333 0.078808457 0.996769726 0.015468914 0.021371273 -0.354192019 0.013492307 0.935075402 2.639580727
0.932135642 -0.077430360 0.353733927 0.750813246 0.076840609 0.996919215 0.015734849 0.019557700 -0.353862524 0.012514113 0.935213745 2.663329363
0.932694137 -0.077865377 0.352162808 0.756699800 0.078727819 0.996825159 0.011895612 0.026949570 -0.351971030 0.016630042 0.935863137 2.667798758
0.932942271 -0.077422269 0.351602703 0.772653997 0.077913232 0.996878266 0.012775864 0.022497466 -0.351494223 0.015475358 0.936062157 2.701549053
0.933370888 -0.075868428 0.350803077 0.801066339 0.075273596 0.997044683 0.015353447 0.037767518 -0.350931197 0.012075745 0.936323404 2.739555359
0.933748960 -0.074762568 0.350033492 0.789290607 0.074763753 0.997109473 0.013529802 0.026356217 -0.350033253 0.013536377 0.936639488 2.753318548
0.933689475 -0.072420940 0.350683779 0.803174615 0.073376395 0.997248173 0.010581857 0.023825962 -0.350485116 0.015851742 0.936434150 2.776899099
0.933437645 -0.068570830 0.352125347 0.802881360 0.070110388 0.997503936 0.008394745 0.035445631 -0.351822019 0.016851671 0.935915232 2.803898573
0.933632910 -0.067552276 0.351804376 0.807053268 0.069299005 0.997566700 0.007640793 0.026827414 -0.351464480 0.017246000 0.936042368 2.831245422
0.933513641 -0.067587912 0.352113754 0.816346705 0.068983227 0.997580767 0.008598400 0.028689515 -0.351843059 0.016263219 0.935917735 2.859461308
0.934383988 -0.064393364 0.350399762 0.831822872 0.065383889 0.997819424 0.009016260 0.041339733 -0.350216299 0.014485850 0.936556816 2.849726200
0.934698403 -0.062515959 0.349900931 0.831231534 0.061820965 0.998000383 0.013166558 0.036695439 -0.350024372 0.009324454 0.936694145 2.885000944
0.935460567 -0.062779330 0.347810745 0.846303701 0.061518434 0.997997999 0.014679180 0.040896714 -0.348035991 0.007664981 0.937449813 2.907988787
0.935418725 -0.061166979 0.348210245 0.856879175 0.058785390 0.998118758 0.017411765 0.042103596 -0.348620206 0.004182382 0.937254727 2.940417767
0.936072588 -0.054187886 0.347608656 0.873240530 0.050667431 0.998530686 0.019216646 0.028239995 -0.348139226 -0.000375741 0.937442780 2.953825712
0.937136352 -0.052457348 0.344998091 0.866873324 0.048659869 0.998621821 0.019664226 0.039786186 -0.345554143 -0.001640501 0.938397408 3.032788277
0.938422024 -0.051342115 0.341654897 0.875487268 0.045111567 0.998639286 0.026162561 0.045118771 -0.342533231 -0.009138938 0.939461291 3.052592993
0.939145982 -0.047002722 0.340287536 0.886466563 0.038678639 0.998764217 0.031208174 0.044586599 -0.341333896 -0.016147176 0.939803421 3.076271296
0.939117789 -0.039480288 0.341319650 0.896437526 0.031845026 0.999102056 0.027946251 0.045652207 -0.342116475 -0.015375487 0.939531744 3.088138103
0.939846337 -0.027528288 0.340486437 0.903194487 0.022219976 0.999563277 0.019480666 0.046381630 -0.340874016 -0.010743232 0.940047622 3.126907349
0.939874291 -0.020761542 0.340888947 0.909417868 0.016520618 0.999745846 0.015339198 0.048224963 -0.341120780 -0.008785222 0.939978421 3.160345554
0.940343797 -0.015249464 0.339883775 0.919110656 0.010948684 0.999833941 0.014567932 0.049808033 -0.340049505 -0.009977586 0.940354586 3.166450024
0.940747678 -0.012365445 0.338881761 0.929877877 0.008389588 0.999877751 0.013194713 0.048982389 -0.339003503 -0.009569817 0.940736413 3.198143721
0.940641403 -0.010078580 0.339252412 0.938466370 0.006947611 0.999921322 0.010442305 0.050576270 -0.339330971 -0.007465471 0.940637410 3.218079090
0.940926433 -0.008269555 0.338510096 0.947260499 0.006432935 0.999957860 0.006547187 0.049595580 -0.338550001 -0.003982808 0.940939963 3.238486767
0.940695047 -0.003650245 0.339233726 0.954686105 0.003157929 0.999993026 0.002003253 0.047464836 -0.339238673 -0.000813174 0.940699995 3.277196169
0.941967666 -0.003678680 0.335683465 0.958072484 0.003305036 0.999993145 0.001684375 0.050646335 -0.335687339 -0.000477181 0.941973329 3.304673910
0.946761012 -0.008207003 0.321832687 0.963970840 0.007249889 0.999965012 0.004172364 0.052299559 -0.321855664 -0.001616980 0.946787357 3.345131397
0.952951968 -0.007715376 0.303023130 0.969449341 0.006919872 0.999969244 0.003698835 0.051119063 -0.303042322 -0.001427931 0.952976048 3.373161316
0.955216825 -0.002886940 0.295892686 0.974129260 0.002439375 0.999995232 0.001881744 0.051875580 -0.295896709 -0.001075680 0.955219328 3.377461433
0.956123114 -0.000307827 0.292964965 0.981461942 -0.000672703 0.999994516 0.003246166 0.055217721 -0.292964339 -0.003300813 0.956117690 3.400219440
0.957320929 0.000892393 0.289025784 0.989482105 -0.001933150 0.999992609 0.003315480 0.054448266 -0.289020687 -0.003732709 0.957315564 3.431688309
0.958526015 -0.001559280 0.285000831 0.995148182 0.001164356 0.999998093 0.001555122 0.053484943 -0.285002708 -0.001158783 0.958526015 3.459321737
0.958937168 -0.001355642 0.283615291 1.001616120 0.000961518 0.999998391 0.001528846 0.055685490 -0.283616900 -0.001193366 0.958936930 3.484196901
0.959690392 0.000181601 0.281059384 1.008738995 -0.001289444 0.999992132 0.003756742 0.057084512 -0.281056494 -0.003967719 0.959683061 3.509857655
0.960674822 -0.000719730 0.277674943 1.016030073 -0.001643992 0.999964356 0.008279632 0.060178906 -0.277671009 -0.008410529 0.960639417 3.535519600
0.961309791 -0.003307792 0.275449693 1.023193598 0.000433348 0.999944806 0.010495665 0.058317382 -0.275469214 -0.009970220 0.961258173 3.566580772
0.961489081 -0.001181598 0.274840564 1.030366898 -0.000817250 0.999974072 0.007158130 0.057709590 -0.274841875 -0.007107077 0.961463153 3.591571331
0.961348474 0.003148653 0.275316447 1.037922025 -0.004778028 0.999974787 0.005247692 0.059598152 -0.275292993 -0.006360330 0.961339355 3.617294788
0.961695015 0.003142663 0.274103582 1.043242812 -0.005371027 0.999958336 0.007379537 0.061592706 -0.274068981 -0.008569081 0.961671889 3.646105528
0.962514460 0.001588839 0.271225780 1.051207066 -0.004752157 0.999928117 0.011006677 0.062682703 -0.271188796 -0.011882992 0.962452829 3.672650337
0.962997198 0.000472271 0.269510955 1.059560418 -0.004237247 0.999901414 0.013388074 0.063886948 -0.269478053 -0.014034662 0.962904274 3.699698448
0.963028133 0.003473077 0.269378453 1.065842271 -0.007629233 0.999867439 0.014383296 0.065565802 -0.269292802 -0.015906669 0.962926984 3.728931665
0.963501155 0.004610728 0.267664552 1.073298454 -0.008847995 0.999853849 0.014626515 0.066178732 -0.267558008 -0.016460959 0.963401139 3.756761789
0.963742495 0.004104459 0.266802520 1.080197096 -0.008183735 0.999865949 0.014179422 0.066297792 -0.266708553 -0.015848752 0.963646889 3.785447836
0.963816762 0.004312620 0.266530901 1.087626338 -0.008190141 0.999876142 0.013438254 0.065131433 -0.266439915 -0.015134939 0.963732719 3.812039137
0.963456392 0.008469864 0.267731369 1.095479608 -0.011076414 0.999904811 0.008226846 0.063698992 -0.267636210 -0.010891710 0.963458478 3.839318037
0.963094234 0.011586042 0.268914938 1.103339076 -0.012835965 0.999913454 0.002890154 0.064303830 -0.268858165 -0.006235274 0.963159621 3.867044926
0.963115811 0.010398311 0.268886328 1.110286474 -0.011665195 0.999927104 0.003114256 0.066635355 -0.268834352 -0.006136000 0.963166893 3.891884327
0.962926269 0.011326494 0.269526750 1.118159294 -0.013222434 0.999898970 0.005219816 0.065545574 -0.269440413 -0.008590098 0.962978780 3.922299385
0.962968588 0.012526245 0.269322485 1.125762939 -0.013663795 0.999903858 0.002349469 0.064713106 -0.269267172 -0.005942432 0.963047206 3.952345133
0.962931573 0.012616017 0.269450665 1.133700609 -0.013027856 0.999915123 -0.000259832 0.064480953 -0.269431055 -0.003260164 0.963014185 3.977221251
0.962451756 0.014150243 0.271083683 1.141518593 -0.014258622 0.999897122 -0.001569817 0.065163106 -0.271077991 -0.002354406 0.962554514 4.002738953
0.962149322 0.013237233 0.272201210 1.149684429 -0.013596827 0.999907374 -0.000565133 0.067282394 -0.272183478 -0.003157331 0.962240219 4.030148983
0.962032974 0.011127883 0.272706419 1.156116486 -0.012624715 0.999913335 0.003734692 0.068666078 -0.272641212 -0.007035737 0.962090075 4.059765816
0.962499022 0.009733737 0.271110505 1.164155722 -0.011785497 0.999912918 0.005940896 0.067443781 -0.271029055 -0.008913279 0.962529898 4.086581707
0.962386608 0.011780858 0.271428168 1.171229839 -0.012993529 0.999912024 0.002670973 0.068788655 -0.271372825 -0.006097318 0.962454975 4.113637447
0.962591529 0.011866443 0.270696759 1.178447008 -0.014103009 0.999880612 0.006318553 0.073005497 -0.270589441 -0.009899824 0.962643921 4.141073227
0.962712646 0.011703088 0.270272702 1.185907483 -0.016013155 0.999777257 0.013747544 0.073885001 -0.270051628 -0.017562853 0.962685645 4.170543671
0.962745965 0.013405711 0.270074934 1.193169713 -0.017771319 0.999747872 0.013725578 0.073182195 -0.269822836 -0.018013833 0.962741494 4.198671818
0.962234735 0.016015895 0.271749467 1.201123595 -0.019938760 0.999732971 0.011680426 0.074441150 -0.271489859 -0.016657660 0.962297142 4.227462292
0.962069213 0.019973636 0.272073269 1.207457304 -0.023999792 0.999646068 0.011478136 0.075913735 -0.271747708 -0.017572463 0.962208092 4.254422665
0.962585509 0.019376583 0.270284384 1.212903142 -0.024107164 0.999608636 0.014193230 0.077274606 -0.269903570 -0.020177988 0.962675929 4.270859718
0.962839305 0.017620767 0.269499540 1.223337173 -0.023150379 0.999581397 0.017353294 0.078649305 -0.269080937 -0.022947449 0.962844133 4.309323311
0.961730957 0.023182122 0.273013204 1.232056141 -0.028769767 0.999450207 0.016480509 0.078622103 -0.272481054 -0.023704343 0.961869121 4.336345196
0.960471749 0.029829038 0.276774645 1.238888383 -0.034626454 0.999322653 0.012461035 0.079017922 -0.276215464 -0.021552196 0.960854053 4.364068031
0.960059643 0.033312451 0.277805269 1.244507909 -0.037704010 0.999234021 0.010479152 0.080018640 -0.277243376 -0.020534981 0.960580230 4.391796589
0.960040569 0.036313836 0.277494907 1.252128482 -0.040619221 0.999126852 0.009780261 0.081379607 -0.276897460 -0.020661073 0.960677326 4.419320583
0.959908009 0.039043959 0.277582765 1.258609056 -0.043167803 0.999029458 0.008757949 0.080471419 -0.276971400 -0.020389462 0.960661829 4.448129654
